5 759 239 -128 1556 3 264 342 1 2 0 1 1 3 3895
5 1048 320 -292 1471 1 202 341 3 1 0 -1 0 1 4542
5 1321 341 -190 1439 1 281 524 3 1 1 0 0 2 4304
5 300 415 -107 1527 3 380 709 4 2 0 -1 1 0 4428
5 1170 544 -234 1495 3 177 598 4 2 1 0 1 2 4657
5 915 145 -185 1422 3 83 537 3 2 0 0 1 3 4759
5 955 318 -194 1382 4 132 330 4 2 1 -1 1 0 4932
5 4 167 -142 1444 2 81 196 4 1 1 -1 0 1 3726
5 -82 456 -264 1435 3 373 710 2 2 0 0 1 3 5447
5 1298 461 -158 1482 2 311 500 4 2 1 1 1 3 4843
5 231 356 -161 1466 1 356 383 2 1 0 1 0 2 4885
5 1024 365 -255 1545 1 176 620 2 2 0 1 1 2 3894
5 -132 481 -158 1538 4 385 495 1 1 0 1 0 2 4869
5 299 376 -233 1535 4 375 376 1 2 1 -1 1 0 3926
5 510 334 -115 1477 3 117 279 2 1 1 -1 0 1 4003
5 1208 325 -256 1410 4 162 393 1 1 1 0 0 2 4404
5 1213 338 -278 1560 2 390 584 3 2 0 1 1 0 5313
5 330 204 -243 1454 1 205 205 2 2 0 1 1 0 4080
5 -55 549 -105 1567 4 222 682 1 2 1 1 1 2 4433
5 219 370 -133 1504 3 369 523 4 2 1 0 1 1 4035
5 1465 339 -296 1505 2 309 347 3 2 1 -1 1 2 5307
5 981 286 -113 1524 3 159 696 1 2 0 -1 1 3 3650
5 682 375 -118 1446 3 72 403 2 2 1 -1 1 3 3981
5 610 255 -128 1558 4 238 274 4 1 1 1 0 3 4956
5 271 371 -295 1547 4 87 317 1 2 1 -1 1 2 4879
5 128 406 -205 1548 2 380 458 4 1 0 1 0 0 4474
5 185 420 -249 1474 4 149 513 2 1 0 0 0 1 3523
5 961 306 -246 1381 3 232 322 1 2 0 1 1 0 5479
5 104 463 -205 1539 4 64 526 3 2 0 1 1 1 5062
5 663 281 -209 1510 2 275 288 1 1 0 -1 0 3 5210
5 1416 295 -150 1527 3 90 694 1 2 0 0 1 0 5191
5 1312 349 -119 1396 4 330 369 4 1 1 -1 0 1 4341
5 1029 228 -126 1500 2 211 344 4 2 1 -1 1 3 5054
5 357 343 -291 1568 3 317 506 3 1 0 -1 0 1 3599
5 207 415 -297 1404 2 304 632 3 2 1 0 1 3 5265
5 1179 380 -265 1507 4 280 435 1 2 1 -1 1 0 5244
5 574 243 -231 1469 2 180 463 2 2 0 0 1 0 5059
5 305 421 -156 1423 1 295 624 2 2 1 0 1 1 4215
5 -57 368 -222 1409 1 132 176 3 1 1 -1 0 1 4321
5 1356 254 -273 1407 4 170 306 3 1 1 1 0 1 4962
5 -129 354 -222 1561 4 296 365 1 1 1 0 0 2 5293
5 293 466 -232 1579 4 290 514 1 2 0 1 1 0 4567
5 67 388 -121 1524 3 351 451 1 2 0 -1 1 2 3783
5 1322 434 -113 1437 4 138 642 2 1 0 0 0 0 4591
5 622 320 -272 1487 1 319 321 2 2 1 1 1 2 5344
5 172 603 -253 1532 4 229 698 1 2 0 0 1 3 4888
5 1130 499 -266 1546 4 365 596 2 1 1 1 0 1 4702
5 394 325 -145 1462 4 242 636 4 2 0 0 1 1 5068
5 90 243 -141 1425 1 75 277 2 2 0 -1 1 0 3563
5 1330 364 -155 1415 2 95 414 2 2 0 0 1 1 5295
5 196 506 -185 1479 2 304 672 3 1 1 -1 0 2 4910
5 853 585 -295 1425 1 391 626 3 2 0 1 1 1 4282
5 297 439 -221 1560 1 359 516 2 1 1 -1 0 0 5383
5 341 301 -272 1454 3 344 457 1 1 0 1 0 2 5289
5 698 379 -240 1580 3 347 391 3 2 0 -1 1 3 4305
5 352 554 -106 1443 1 233 693 4 1 0 -1 0 3 4825
5 492 387 -186 1511 2 107 539 2 1 1 0 0 2 5058
5 -178 422 -271 1511 4 90 183 2 1 1 -1 0 2 4637
5 1327 306 -170 1504 4 330 339 1 1 0 1 0 1 3937
6
